How to run

    python4 MDP.py worldMatrix.txt

With epsilon = 0.5

    [(0, 7, 5.6), (1, 7, 6.32), (2, 7, 7.56), (3, 7, 8.61), (4, 7, 9.76), (5, 7, 11.23), (6, 7, 12.79), (6, 6, 14.87), (6, 5, 16.94), (6, 4, 19.12), (6, 3, 22.93), (7, 3, 26.59), (7, 2, 29.35), (8, 2, 33.4), (9, 2, 38.04), (9, 1, 43.9), (9, 0, 50)]

With epsilon = 1

    [(0, 7, 5.59), (1, 7, 6.32), (2, 7, 7.55), (3, 7, 8.6), (4, 7, 9.76), (5, 7, 11.22), (6, 7, 12.78), (6, 6, 14.87), (6, 5, 16.94), (6, 4, 19.12), (6, 3, 22.92), (7, 3, 26.58), (7, 2, 29.35), (8, 2, 33.4), (9, 2, 38.04), (9, 1, 43.9), (9, 0, 50)]

With epsilon = 2

    [(0, 7, 5.59), (1, 7, 6.32), (2, 7, 7.55), (3, 7, 8.6), (4, 7, 9.76), (5, 7, 11.22), (6, 7, 12.78), (6, 6, 14.87), (6, 5, 16.94), (6, 4, 19.12), (6, 3, 22.92), (7, 3, 26.58), (7, 2, 29.35), (8, 2, 33.4), (9, 2, 38.04), (9, 1, 43.9), (9, 0, 50)]

With epsilon = 10

    [(0, 7, 5.54), (1, 7, 6.27), (2, 7, 7.51), (3, 7, 8.56), (4, 7, 9.71), (5, 7, 11.17), (6, 7, 12.73), (6, 6, 14.82), (6, 5, 16.88), (6, 4, 19.06), (6, 3, 22.86), (7, 3, 26.53), (7, 2, 29.3), (8, 2, 33.36), (9, 2, 38.02), (9, 1, 43.9), (9, 0, 50)]

With epsilon = 100

    [(0, 7, 3.53), (1, 7, 4.06), (2, 7, 5.13), (3, 7, 5.84), (4, 7, 6.7), (5, 7, 7.89), (6, 7, 8.98), (6, 6, 11.02), (6, 5, 12.7), (6, 4, 14.42), (6, 3, 17.66), (7, 3, 21.37), (7, 2, 24.37), (8, 2, 28.27), (9, 2, 34.6), (9, 1, 42.48), (9, 0, 50)]

I cannot find a new path
